%data for MagLev
M = 0.1; g = 9.81; R = 2;
L = 0.02; Km = 0.001;

x1b = 0.001;
x3b = sqrt(2*g*M/Km)*x1b;
u0 = R*x3b;
Xb = [x1b;0;x3b];
X0 = [0.004;0;0];
% X0 = Xb;
K = [5.3156 0.8864 1.88];
K = 10e+2*[4.576383 0.034168 -0.060955];